Weights assigned to the features:
Available only for Linear Kernel
Constants in the decision function:
b = [0.21991099]
Indices of support vectors:
[  3   4   5   6  15  31  39  45  48  58  59  67  70  74  77  84  85  99
 108 110 112 113 114 124 132 133 134 140 146   8   9  13  17  22  25  29
  34  47  52  65  71  87  90  92  93  94  97 103 111 121 123 126 131 137
 138 139 152 155]
Support vectors:
[[ 1.4     0.0916]
 [ 0.331   0.273 ]
 [ 0.917   1.2   ]
 [ 1.94    0.733 ]
 [ 0.656   0.0166]
 [ 2.78    0.206 ]
 [ 1.6     0.983 ]
 [ 0.695   1.03  ]
 [ 1.88    0.133 ]
 [-0.918   1.43  ]
 [ 0.984   0.819 ]
 [ 1.71    0.245 ]
 [ 1.74    0.143 ]
 [ 0.359   1.82  ]
 [ 2.55   -1.08  ]
 [ 1.56    0.594 ]
 [ 1.31    1.01  ]
 [ 0.716  -0.839 ]
 [ 1.88    0.0893]
 [ 1.62    0.951 ]
 [ 0.796   1.29  ]
 [ 0.915  -0.211 ]
 [ 0.953   1.13  ]
 [ 0.772   1.06  ]
 [ 0.87    1.21  ]
 [ 1.08    0.871 ]
 [ 0.177   1.02  ]
 [-1.34    0.877 ]
 [ 3.24    0.23  ]
 [ 1.03   -0.912 ]
 [ 0.854  -0.928 ]
 [ 0.558  -1.29  ]
 [ 0.11   -0.987 ]
 [ 1.68   -0.101 ]
 [ 1.21    0.556 ]
 [ 2.29   -0.391 ]
 [ 1.61   -0.317 ]
 [ 0.806  -1.26  ]
 [ 0.785  -1.23  ]
 [ 0.18   -0.28  ]
 [ 0.85   -1.32  ]
 [ 3.09   -0.0747]
 [ 1.65   -0.631 ]
 [-0.0585 -1.19  ]
 [ 0.968   1.04  ]
 [ 0.935   1.86  ]
 [-0.508  -0.909 ]
 [ 0.419  -1.4   ]
 [ 1.24   -0.866 ]
 [ 1.94    0.554 ]
 [ 1.73   -0.398 ]
 [ 0.529  -0.362 ]
 [ 2.66    0.0383]
 [ 1.75   -0.298 ]
 [ 1.56   -0.753 ]
 [-0.642  -1.24  ]
 [ 2.53    0.172 ]
 [ 0.739  -1.06  ]]
Number of support vectors for each class:
[29 29]
Dual coefficients of the support vector in the decision function:
[[0.01       0.01       0.01       0.00245265 0.01       0.01
  0.01       0.01       0.01       0.01       0.01       0.01
  0.01       0.01       0.01       0.01       0.01       0.01
  0.01       0.01       0.01       0.01       0.01       0.01
  0.01       0.01       0.01       0.01       0.01       0.01
  0.01       0.01       0.01       0.01       0.01       0.01
  0.01       0.01       0.01       0.01       0.01       0.01
  0.01       0.01       0.01       0.01       0.01       0.01
  0.01       0.01       0.01       0.01       0.01       0.01
  0.00245265 0.01       0.01       0.01      ]]